pollster	date	AP	H	FrP	SV	SP	KrF	V	MDG	R	Other
Ipsos/Dagbladet	29.09.2017	26,1 (49)	24,4 (45)	14,4 (27)	7,4 (14)	10,2 (19)	3,9 (3)	5,4 (10)	3,3 (1)	2,7 (19)	2,3 (0)
Norstat/VL	28.09.2017	24,9 (46)	25,1 (46)	15,0 (28)	7,3 (14)	11,3 (21)	3,2 (2)	4,7 (9)	2,8 (1)	3,7 (2)	1,9 (0)
Sentio/DN	21.09.2017	26,2 (49)	26,8 (51)	14,7 (28)	6,4 (12)	11,4 (21)	3,9 (3)	3,9 (3)	3,3 (1)	2,4 (1)	0,9 (0)
Verian/TV2	09.09.2017	28,1 (51)	23,8 (43)	14,6 (26)	5,6 (10)	10,2 (19)	4,4 (8)	4,6 (8)	3,9 (3)	3,1 (1)	1,7 (0)
Norstat/Norstat	08.09.2017	27,2 (51)	23,9 (42)	14,8 (27)	6,7 (12)	10,0 (18)	4,6 (8)	3,2 (1)	4,4 (8)	3,0 (2)	2,2 (0)
Verian/TV2	08.09.2017	28,6 (52)	23,4 (42)	15,2 (27)	5,5 (10)	10,5 (19)	4,3 (8)	3,9 (3)	4,0 (7)	3,3 (1)	1,3 (0)
Opinion/ANB	08.09.2017	26,4 (47)	25,9 (47)	15,3 (28)	6,0 (11)	8,6 (15)	3,4 (2)	2,5 (0)	5,7 (10)	4,9 (9)	1,3 (0)
InFact/VG	08.09.2017	28,0 (51)	21,5 (37)	12,6 (22)	8,1 (14)	10,7 (18)	4,7 (8)	5,2 (9)	4,4 (8)	3,3 (2)	1,5 (0)
Norfakta/Nat. / KK	08.09.2017	26,3 (48)	25,8 (44)	13,8 (24)	5,0 (9)	10,5 (18)	5,3 (9)	4,2 (7)	4,5 (8)	3,1 (2)	0,0 (0)
Verian/TV2	07.09.2017	28,1 (51)	23,4 (42)	15,2 (28)	5,7 (10)	10,1 (18)	5,0 (9)	4,1 (7)	3,7 (3)	3,0 (1)	1,8 (0)
Ipsos/Dagbladet	07.09.2017	27,2 (51)	23,2 (39)	15,3 (28)	6,2 (11)	9,4 (16)	4,2 (7)	4,7 (8)	4,4 (7)	3,5 (2)	2,1 (0)
Respons/Aftenp / BT / Adressa	07.09.2017	25,6 (48)	24,7 (44)	14,3 (26)	7,3 (13)	9,9 (17)	5,5 (10)	4,5 (8)	2,7 (1)	3,1 (2)	2,4 (0)
Verian/TV2	06.09.2017	27,0 (49)	24,8 (45)	14,8 (27)	5,7 (10)	10,3 (18)	4,5 (8)	4,3 (8)	3,7 (3)	2,9 (1)	2,0 (0)
Norstat/NRK	06.09.2017	25,8 (46)	24,2 (44)	17,0 (31)	5,9 (11)	9,6 (17)	4,5 (8)	3,5 (2)	4,6 (8)	3,2 (2)	1,6 (0)
Verian/TV2	05.09.2017	27,5 (50)	24,4 (45)	14,7 (27)	5,7 (10)	9,6 (18)	4,4 (8)	4,7 (9)	3,4 (1)	3,6 (1)	2,0 (0)
InFact/VG	05.09.2017	29,3 (55)	23,4 (44)	12,8 (24)	5,5 (10)	10,0 (19)	5,1 (9)	3,9 (3)	3,9 (3)	3,8 (2)	2,3 (0)
Verian/TV2	04.09.2017	26,5 (48)	24,5 (44)	14,3 (26)	5,1 (9)	10,9 (20)	4,4 (8)	4,8 (9)	3,8 (2)	3,4 (2)	2,2 (0)
Verian/TV2	03.09.2017	26,1 (49)	26,1 (49)	14,7 (27)	4,8 (9)	11,0 (20)	3,8 (3)	4,3 (8)	3,5 (2)	3,6 (2)	2,2 (0)
InFact/VG	31.08.2017	29,0 (54)	21,5 (39)	13,0 (23)	6,6 (12)	11,2 (20)	5,5 (10)	3,4 (1)	4,8 (9)	3,1 (1)	2,0 (0)
Verian/TV2	31.08.2017	27,1 (50)	25,0 (47)	14,9 (28)	5,3 (10)	11,1 (21)	4,1 (8)	3,8 (3)	3,2 (1)	3,3 (1)	2,4 (0)
Respons/Aftenp / BT / Adressa	31.08.2017	26,1 (48)	23,9 (41)	16,6 (30)	6,2 (10)	8,8 (14)	5,4 (9)	4,9 (8)	4,7 (8)	2,4 (1)	1,0 (0)
Norstat/VL	31.08.2017	25,6 (47)	24,2 (43)	16,7 (30)	5,2 (9)	10,3 (19)	4,9 (9)	3,1 (1)	5,2 (9)	3,8 (2)	1,7 (0)
Verian/TV2	30.08.2017	26,7 (49)	24,7 (46)	15,4 (28)	5,9 (11)	11,1 (21)	4,2 (8)	3,6 (2)	3,5 (3)	2,8 (1)	2,0 (0)
Norstat/NRK	29.08.2017	24,4 (46)	25,7 (46)	15,0 (27)	6,1 (11)	10,6 (19)	6,0 (11)	3,3 (1)	4,2 (7)	2,7 (1)	2,0 (0)
Verian/TV2	29.08.2017	25,7 (48)	25,1 (46)	16,3 (30)	6,5 (12)	10,4 (19)	4,2 (8)	3,9 (3)	3,6 (2)	2,6 (1)	1,7 (0)
Verian/TV2	28.08.2017	26,5 (49)	24,0 (44)	16,0 (30)	6,5 (12)	11,2 (21)	4,0 (7)	3,7 (2)	3,9 (3)	2,6 (1)	1,6 (0)
Verian/TV2	27.08.2017	26,8 (49)	24,2 (45)	16,7 (31)	5,7 (10)	11,2 (21)	3,7 (3)	3,1 (1)	4,6 (8)	2,9 (1)	1,2 (0)
Ipsos/Dagbladet	25.08.2017	29,5 (55)	23,3 (43)	15,0 (29)	5,9 (11)	10,0 (18)	4,4 (8)	3,4 (2)	2,6 (1)	3,8 (2)	2,1 (0)
Verian/TV2	24.08.2017	27,9 (52)	23,3 (43)	15,4 (29)	5,5 (10)	12,1 (22)	3,2 (2)	3,2 (1)	4,7 (9)	3,1 (1)	1,5 (0)
InFact/VG	24.08.2017	27,6 (51)	22,2 (40)	12,0 (22)	6,6 (12)	12,0 (22)	5,3 (9)	3,6 (2)	4,9 (9)	3,6 (2)	2,3 (0)
Respons/Aftenp / BT / Adressa	24.08.2017	27,3 (50)	25,1 (46)	15,5 (29)	4,5 (8)	10,8 (20)	4,5 (8)	3,7 (2)	3,9 (4)	3,2 (2)	1,5 (0)
Norstat/NRK	23.08.2017	29,0 (52)	22,4 (39)	14,2 (27)	5,5 (10)	9,5 (16)	5,1 (9)	4,0 (7)	4,4 (8)	2,7 (1)	3,1 (0)
Sentio/DN	22.08.2017	27,0 (48)	24,2 (42)	13,1 (23)	5,1 (9)	11,1 (19)	5,3 (9)	4,1 (7)	6,1 (11)	2,5 (1)	1,6 (0)
Verian/TV2	20.08.2017	28,4 (53)	23,8 (44)	12,7 (23)	6,4 (12)	10,5 (20)	5,3 (10)	3,5 (2)	3,4 (2)	3,8 (3)	2,2 (0)
InFact/VG	19.08.2017	30,5 (56)	21,9 (40)	12,1 (22)	5,6 (10)	10,9 (20)	5,2 (9)	4,1 (7)	3,9 (3)	3,7 (2)	2,4 (0)
Verian/TV2	15.08.2017	30,3 (56)	21,5 (40)	13,7 (26)	3,6 (1)	12,6 (24)	3,9 (3)	4,4 (8)	3,1 (2)	4,7 (9)	2,1 (0)
Norstat/NRK	15.08.2017	27,1 (50)	23,8 (43)	16,7 (30)	5,2 (9)	9,2 (16)	5,0 (9)	3,9 (3)	4,6 (8)	1,8 (1)	2,7 (0)
Respons/Aftenp / BT / Adressa	11.08.2017	28,1 (52)	24,8 (45)	13,6 (25)	6,4 (12)	10,1 (19)	5,1 (9)	3,6 (2)	3,7 (3)	2,7 (2)	1,9 (0)
Opinion/ANB	10.08.2017	30,0 (54)	24,9 (44)	12,3 (22)	4,1 (7)	10,8 (19)	6,0 (11)	3,2 (2)	4,3 (8)	2,9 (2)	1,5 (0)
Norfakta/Nat. / KK	05.08.2017	31,9 (59)	26,1 (48)	13,8 (25)	4,6 (8)	9,5 (17)	4,7 (9)	3,1 (1)	2,1 (1)	1,8 (1)	2,5 (0)
InFact/VG	04.08.2017	30,0 (55)	22,7 (42)	12,6 (23)	5,2 (10)	11,9 (22)	5,2 (10)	3,2 (2)	3,6 (3)	3,2 (2)	2,3 (0)
InFact/VG	09.07.2017	31,9 (58)	21,1 (38)	11,9 (22)	4,5 (8)	13,0 (23)	4,6 (9)	3,5 (2)	4,1 (7)	2,8 (2)	2,7 (0)
Norfakta/Nat. / KK	08.07.2017	32,2 (58)	22,9 (42)	14,7 (27)	4,6 (8)	9,7 (18)	5,2 (9)	3,3 (2)	3,9 (4)	1,8 (1)	1,7 (0)
Norstat/VL	29.06.2017	30,6 (56)	23,3 (42)	15,2 (28)	4,3 (8)	11,7 (21)	4,1 (7)	3,4 (2)	3,9 (4)	1,8 (1)	1,7 (0)
Ipsos/Dagbladet	23.06.2017	31,7 (59)	23,1 (43)	12,8 (24)	4,7 (9)	12,2 (22)	3,9 (2)	4,0 (7)	3,2 (1)	3,3 (2)	1,2 (0)
Sentio/DN	22.06.2017	30,3 (58)	24,2 (45)	11,6 (21)	4,3 (8)	11,3 (21)	4,8 (9)	3,6 (2)	3,9 (3)	3,3 (2)	2,8 (0)
Verian/TV2	20.06.2017	32,2 (61)	22,3 (42)	13,7 (26)	3,5 (2)	14,5 (27)	4,5 (8)	2,8 (1)	2,1 (1)	2,6 (1)	1,9 (0)
Respons/Aftenp. / BT	16.06.2017	31,7 (58)	24,1 (44)	14,0 (27)	4,8 (9)	9,8 (18)	4,7 (9)	3,5 (2)	3,1 (1)	2,3 (1)	2,0 (0)
Opinion/ANB	15.06.2017	32,6 (60)	23,1 (41)	12,0 (22)	4,1 (7)	12,8 (23)	5,3 (9)	3,5 (2)	3,8 (4)	1,6 (1)	1,3 (0)
Norfakta/Nat. / KK	12.06.2017	28,5 (53)	25,5 (47)	14,4 (27)	4,7 (9)	12,1 (22)	4,4 (8)	3,0 (1)	3,2 (1)	2,5 (1)	1,8 (0)
InFact/VG	09.06.2017	32,3 (61)	20,5 (39)	12,5 (23)	4,5 (8)	11,8 (22)	4,8 (9)	3,2 (2)	3,6 (3)	3,5 (2)	3,3 (0)
Norstat/NRK	08.06.2017	33,0 (60)	23,7 (43)	14,0 (25)	4,3 (8)	11,6 (21)	4,4 (8)	3,4 (2)	2,8 (1)	1,2 (1)	1,6 (0)
InFact/LF	08.06.2017	34,8 (65)	21,2 (39)	10,9 (20)	4,6 (8)	12,8 (24)	4,8 (9)	3,0 (2)	2,8 (1)	2,5 (1)	2,6 (0)
Norstat/VL	01.06.2017	31,0 (58)	22,7 (43)	15,9 (30)	3,4 (2)	12,5 (24)	4,2 (8)	3,1 (2)	2,9 (1)	1,7 (1)	2,5 (0)
											
											
											
											
											
											
											
											
											
											
											
											
											
											
											
											
											
											
